person(xloc,yloc,rescuetime)
38,77,21
17,23,29
17,20,102
15,7,78
84,26,95
64,30,74
25,100,58
68,57,52
39,77,58
58,95,108
56,26,80
75,1,72
1,89,53
66,47,58
18,83,95
5,92,50
71,3,53
18,1,71
64,75,47
62,50,112
87,50,101
99,100,24
22,86,80
58,15,87
82,67,56
65,92,27
17,100,25
35,57,39
69,100,59
99,93,37
86,9,116
99,83,76
69,72,37
24,65,56
95,99,99
3,69,102
100,62,106
2,26,87
38,41,69
74,11,96
54,93,60
29,42,67
30,50,73
82,55,74
36,57,55
25,53,34
58,41,85
7,20,20
98,88,51
89,27,29

hospital(numambulance)
3
5
6
3
5

